#proc areadef
  rectangle: 1 1 6 4
  xrange: -1 161
  yrange: 0 3521200000
  xaxis.stubs: inc
  yaxis.stubs: inc
  xaxis.label: MPI rank
  yaxis.label: time (seconds)
  xaxis.stubrange: 0 160
  xaxis.stubvert: yes
  yscaletype: log
                                                                                
#proc getdata
data:
0 0 1760638610.853157 1.7606e+09 -1.0000e+00 0 
1 1 1760638610.852295 1.7606e+09 -1.0000e+00 0 
2 2 1760638610.853103 1.7606e+09 -1.0000e+00 0 
3 3 1760638610.853018 1.7606e+09 -1.0000e+00 0 
4 4 1760638610.852535 1.7606e+09 -1.0000e+00 0 
5 5 1760638610.852410 1.7606e+09 -1.0000e+00 0 
6 6 1760638610.852854 1.7606e+09 -1.0000e+00 0 
7 7 1760638610.852625 1.7606e+09 -1.0000e+00 0 
8 8 1760638610.852785 1.7606e+09 -1.0000e+00 0 
9 9 1760638610.853058 1.7606e+09 -1.0000e+00 0 
10 10 1760638610.853077 1.7606e+09 -1.0000e+00 0 
11 11 1760638610.853116 1.7606e+09 -1.0000e+00 0 
12 12 1760638610.852385 1.7606e+09 -1.0000e+00 0 
13 13 1760638610.852669 1.7606e+09 -1.0000e+00 0 
14 14 1760638610.852975 1.7606e+09 -1.0000e+00 0 
15 15 1760638610.852846 1.7606e+09 -1.0000e+00 0 
16 16 1760638610.852644 1.7606e+09 -1.0000e+00 0 
17 17 1760638610.852712 1.7606e+09 -1.0000e+00 0 
18 18 1760638610.852780 1.7606e+09 -1.0000e+00 0 
19 19 1760638610.853198 1.7606e+09 -1.0000e+00 0 
20 20 1760638610.852295 1.7606e+09 -1.0000e+00 0 
21 21 1760638610.852380 1.7606e+09 -1.0000e+00 0 
22 22 1760638610.853032 1.7606e+09 -1.0000e+00 0 
23 23 1760638610.852855 1.7606e+09 -1.0000e+00 0 
24 24 1760638610.853036 1.7606e+09 -1.0000e+00 0 
25 25 1760638610.852755 1.7606e+09 -1.0000e+00 0 
26 26 1760638610.852661 1.7606e+09 -1.0000e+00 0 
27 27 1760638610.852556 1.7606e+09 -1.0000e+00 0 
28 28 1760638610.852571 1.7606e+09 -1.0000e+00 0 
29 29 1760638610.852992 1.7606e+09 -1.0000e+00 0 
30 30 1760638610.852788 1.7606e+09 -1.0000e+00 0 
31 31 1760638610.852808 1.7606e+09 -1.0000e+00 0 
32 32 1760638610.853010 1.7606e+09 -1.0000e+00 0 
33 33 1760638610.853229 1.7606e+09 -1.0000e+00 0 
34 34 1760638610.852532 1.7606e+09 -1.0000e+00 0 
35 35 1760638610.852254 1.7606e+09 -1.0000e+00 0 
36 36 1760638610.852701 1.7606e+09 -1.0000e+00 0 
37 37 1760638610.852950 1.7606e+09 -1.0000e+00 0 
38 38 1760638610.852904 1.7606e+09 -1.0000e+00 0 
39 39 1760638610.853262 1.7606e+09 -1.0000e+00 0 
40 40 1760638610.852818 1.7606e+09 -1.0000e+00 0 
41 41 1760638610.853026 1.7606e+09 -1.0000e+00 0 
42 42 1760638610.852927 1.7606e+09 -1.0000e+00 0 
43 43 1760638610.853241 1.7606e+09 -1.0000e+00 0 
44 44 1760638610.853126 1.7606e+09 -1.0000e+00 0 
45 45 1760638610.852976 1.7606e+09 -1.0000e+00 0 
46 46 1760638610.853244 1.7606e+09 -1.0000e+00 0 
47 47 1760638610.852774 1.7606e+09 -1.0000e+00 0 
48 48 1760638610.853011 1.7606e+09 -1.0000e+00 0 
49 49 1760638610.853090 1.7606e+09 -1.0000e+00 0 
50 50 1760638610.853077 1.7606e+09 -1.0000e+00 0 
51 51 1760638610.852708 1.7606e+09 -1.0000e+00 0 
52 52 1760638610.852731 1.7606e+09 -1.0000e+00 0 
53 53 1760638610.853133 1.7606e+09 -1.0000e+00 0 
54 54 1760638610.852867 1.7606e+09 -1.0000e+00 0 
55 55 1760638610.853176 1.7606e+09 -1.0000e+00 0 
56 56 1760638610.853001 1.7606e+09 -1.0000e+00 0 
57 57 1760638610.853125 1.7606e+09 -1.0000e+00 0 
58 58 1760638610.853173 1.7606e+09 -1.0000e+00 0 
59 59 1760638610.852906 1.7606e+09 -1.0000e+00 0 
60 60 1760638610.852915 1.7606e+09 -1.0000e+00 0 
61 61 1760638610.853231 1.7606e+09 -1.0000e+00 0 
62 62 1760638610.853074 1.7606e+09 -1.0000e+00 0 
63 63 1760638610.853140 1.7606e+09 -1.0000e+00 0 
64 64 1760638610.852568 1.7606e+09 -1.0000e+00 0 
65 65 1760638610.853009 1.7606e+09 -1.0000e+00 0 
66 66 1760638610.852830 1.7606e+09 -1.0000e+00 0 
67 67 1760638610.852893 1.7606e+09 -1.0000e+00 0 
68 68 1760638610.852314 1.7606e+09 -1.0000e+00 0 
69 69 1760638610.852870 1.7606e+09 -1.0000e+00 0 
70 70 1760638610.852548 1.7606e+09 -1.0000e+00 0 
71 71 1760638610.852899 1.7606e+09 -1.0000e+00 0 
72 72 1760638610.852796 1.7606e+09 -1.0000e+00 0 
73 73 1760638610.853253 1.7606e+09 -1.0000e+00 0 
74 74 1760638610.852865 1.7606e+09 -1.0000e+00 0 
75 75 1760638610.853174 1.7606e+09 -1.0000e+00 0 
76 76 1760638610.852595 1.7606e+09 -1.0000e+00 0 
77 77 1760638610.852824 1.7606e+09 -1.0000e+00 0 
78 78 1760638610.853221 1.7606e+09 -1.0000e+00 0 
79 79 1760638610.852856 1.7606e+09 -1.0000e+00 0 
80 80 1760638610.852506 1.7606e+09 -1.0000e+00 0 
81 81 1760638610.852609 1.7606e+09 -1.0000e+00 0 
82 82 1760638610.853302 1.7606e+09 -1.0000e+00 0 
83 83 1760638610.852334 1.7606e+09 -1.0000e+00 0 
84 84 1760638610.852479 1.7606e+09 -1.0000e+00 0 
85 85 1760638610.853145 1.7606e+09 -1.0000e+00 0 
86 86 1760638610.853305 1.7606e+09 -1.0000e+00 0 
87 87 1760638610.852235 1.7606e+09 -1.0000e+00 0 
88 88 1760638610.852398 1.7606e+09 -1.0000e+00 0 
89 89 1760638610.852945 1.7606e+09 -1.0000e+00 0 
90 90 1760638610.852925 1.7606e+09 -1.0000e+00 0 
91 91 1760638610.852985 1.7606e+09 -1.0000e+00 0 
92 92 1760638610.852799 1.7606e+09 -1.0000e+00 0 
93 93 1760638610.852910 1.7606e+09 -1.0000e+00 0 
94 94 1760638610.853028 1.7606e+09 -1.0000e+00 0 
95 95 1760638610.852910 1.7606e+09 -1.0000e+00 0 
96 96 1760638610.852458 1.7606e+09 -1.0000e+00 0 
97 97 1760638610.853181 1.7606e+09 -1.0000e+00 0 
98 98 1760638610.852916 1.7606e+09 -1.0000e+00 0 
99 99 1760638610.852490 1.7606e+09 -1.0000e+00 0 
100 100 1760638610.853116 1.7606e+09 -1.0000e+00 0 
101 101 1760638610.853160 1.7606e+09 -1.0000e+00 0 
102 102 1760638610.852871 1.7606e+09 -1.0000e+00 0 
103 103 1760638610.852282 1.7606e+09 -1.0000e+00 0 
104 104 1760638610.852907 1.7606e+09 -1.0000e+00 0 
105 105 1760638610.852962 1.7606e+09 -1.0000e+00 0 
106 106 1760638610.853148 1.7606e+09 -1.0000e+00 0 
107 107 1760638610.852871 1.7606e+09 -1.0000e+00 0 
108 108 1760638610.852838 1.7606e+09 -1.0000e+00 0 
109 109 1760638610.852632 1.7606e+09 -1.0000e+00 0 
110 110 1760638610.852687 1.7606e+09 -1.0000e+00 0 
111 111 1760638610.853071 1.7606e+09 -1.0000e+00 0 
112 112 1760638610.852952 1.7606e+09 -1.0000e+00 0 
113 113 1760638610.852920 1.7606e+09 -1.0000e+00 0 
114 114 1760638610.852999 1.7606e+09 -1.0000e+00 0 
115 115 1760638610.852384 1.7606e+09 -1.0000e+00 0 
116 116 1760638610.853116 1.7606e+09 -1.0000e+00 0 
117 117 1760638610.853130 1.7606e+09 -1.0000e+00 0 
118 118 1760638610.853255 1.7606e+09 -1.0000e+00 0 
119 119 1760638610.852161 1.7606e+09 -1.0000e+00 0 
120 120 1760638610.853173 1.7606e+09 -1.0000e+00 0 
121 121 1760638610.852823 1.7606e+09 -1.0000e+00 0 
122 122 1760638610.853170 1.7606e+09 -1.0000e+00 0 
123 123 1760638610.853367 1.7606e+09 -1.0000e+00 0 
124 124 1760638610.853005 1.7606e+09 -1.0000e+00 0 
125 125 1760638610.852335 1.7606e+09 -1.0000e+00 0 
126 126 1760638610.853173 1.7606e+09 -1.0000e+00 0 
127 127 1760638610.853233 1.7606e+09 -1.0000e+00 0 
128 128 1760638610.852659 1.7606e+09 -1.0000e+00 0 
129 129 1760638610.853145 1.7606e+09 -1.0000e+00 0 
130 130 1760638610.853288 1.7606e+09 -1.0000e+00 0 
131 131 1760638610.852849 1.7606e+09 -1.0000e+00 0 
132 132 1760638610.852504 1.7606e+09 -1.0000e+00 0 
133 133 1760638610.853205 1.7606e+09 -1.0000e+00 0 
134 134 1760638610.852982 1.7606e+09 -1.0000e+00 0 
135 135 1760638610.853140 1.7606e+09 -1.0000e+00 0 
136 136 1760638610.853192 1.7606e+09 -1.0000e+00 0 
137 137 1760638610.852387 1.7606e+09 -1.0000e+00 0 
138 138 1760638610.852616 1.7606e+09 -1.0000e+00 0 
139 139 1760638610.853411 1.7606e+09 -1.0000e+00 0 
140 140 1760638610.852784 1.7606e+09 -1.0000e+00 0 
141 141 1760638610.852750 1.7606e+09 -1.0000e+00 0 
142 142 1760638610.853091 1.7606e+09 -1.0000e+00 0 
143 143 1760638610.852940 1.7606e+09 -1.0000e+00 0 
144 144 1760638610.852588 1.7606e+09 -1.0000e+00 0 
145 145 1760638610.852925 1.7606e+09 -1.0000e+00 0 
146 146 1760638610.852825 1.7606e+09 -1.0000e+00 0 
147 147 1760638610.852533 1.7606e+09 -1.0000e+00 0 
148 148 1760638610.853006 1.7606e+09 -1.0000e+00 0 
149 149 1760638610.853242 1.7606e+09 -1.0000e+00 0 
150 150 1760638610.852043 1.7606e+09 -1.0000e+00 0 
151 151 1760638610.853186 1.7606e+09 -1.0000e+00 0 
152 152 1760638610.852845 1.7606e+09 -1.0000e+00 0 
153 153 1760638610.853028 1.7606e+09 -1.0000e+00 0 
154 154 1760638610.853088 1.7606e+09 -1.0000e+00 0 
155 155 1760638610.853270 1.7606e+09 -1.0000e+00 0 
156 156 1760638610.852375 1.7606e+09 -1.0000e+00 0 
157 157 1760638610.852662 1.7606e+09 -1.0000e+00 0 
158 158 1760638610.852862 1.7606e+09 -1.0000e+00 0 
159 159 1760638610.852846 1.7606e+09 -1.0000e+00 0 
                                                                                
                                                                                
#proc lineplot
  xfield: 1
  yfield: 4
  legendlabel: ipm_syslog
  linedetails: color=red
  sort: yes
                                                                                
#proc lineplot
  xfield: 1
  yfield: 5
  legendlabel: ipm_report
  linedetails: color=green
  sort: yes
                                                                                
#proc legend
  location: max+0.4 max
//  reverseorder: yes
  seglen: 0.3
                                                                                
