//#rank wtime utime stime mtime pcomm gbyte gflop bytes_tx bytes_rx
124 99.9915835220665 99.899668435533 15.2738700767564 100 100 0 = =
120 99.9923486564241 99.7844439044655 16.3398909153767 99.3564190109511 100 0 = =
136 99.9923486564241 99.9184806038706 15.8560347776196 98.7176052884877 100 0 = =
140 99.9915835220665 100 14.3681293421454 98.6358807184498 100 0 = =
128 99.9923486564241 99.773470139602 15.1205043049073 98.4992190763308 100 0 = =
132 99.9900532533513 99.9318058897764 15.1299931224462 98.4492762835298 100 0 = =
148 99.9900532533513 99.9482665370717 14.1328949352517 98.1836714309064 100 0 = =
152 99.9908183877089 99.9466988563769 15.2012328107128 98.0227194304706 100 0 = =
52 99.9977045969272 99.9553211001983 14.7748980319898 98.017952163885 100 0 = =
157 99.979341372345 99.7852277448129 24.420501730422 97.988213500899 100 0 = =
156 99.9900532533513 99.9169129231758 13.6904880120927 97.6270363038701 100 0 = =
88 99.9946440594968 99.8471511322574 14.6536397706501 97.5428145941921 100 0 = =
92 99.9946440594968 99.9286705283868 14.7068212829028 97.1516717214827 100 0 = =
153 99.9816367754178 99.8157975183615 24.3228551778418 96.9925358226032 100 0 = =
16 99.9992348656424 99.4176066218833 39.9188669322064 96.9033198336451 100 0 = =
32 99.9992348656424 99.9608079826301 14.6633860367269 96.7019595735794 100 0 = =
108 99.9931137907817 99.9937292772208 15.0317213377026 96.6383960191054 100 0 = =
40 99.9992348656424 99.9145614021336 18.9374363274598 96.3582623540308 100 0 = =
48 99.9984697312848 99.8675309812897 18.0689888524783 96.3530410620562 100 0 = =
60 99.9977045969272 99.8808562671955 15.884354116786 96.0309100484899 100 0 = =
25 99.9923486564241 99.608079826301 23.5649634606968 95.9843724461072 100 0 = =
116 99.9923486564241 99.9576726212405 14.3814063310273 95.9727947986852 100 0 = =
112 99.9900532533513 99.7883631062025 15.4528703673055 95.949185478452 100 0 = =
36 99.9992348656424 99.4183904622307 17.6679575871923 95.9137714981022 100 0 = =
145 99.9801065067026 99.7844439044655 24.6892780039647 95.8672338957195 100 0 = =
68 99.996174328212 99.830690484962 14.0812948925888 95.8070755316637 100 0 = =
21 99.9923486564241 99.608079826301 26.3720719826112 95.7500953453317 100 0 = =
129 99.979341372345 99.6355142384599 24.5704471145536 95.6937961970834 100 0 = =
144 99.9892881189937 99.9670787054093 16.5484977877815 95.6765432322976 100 0 = =
117 99.9846973128481 99.7852277448129 23.5091339063402 95.6563391024826 100 0 = =
1 99.9923486564241 99.6441364822813 23.6562473565552 95.5491891106551 100 0 = =
137 99.9801065067026 99.5163705056554 23.8377485757579 95.4763180357046 100 0 = =
100 99.9915835220665 99.8785047461533 14.8195101857675 95.4733668706754 100 0 = =
96 99.9908183877089 99.8299066446146 14.7021872092211 95.4220620017071 100 0 = =
44 99.9984697312848 99.9835393527046 15.3951283380961 95.3553202695095 100 0 = =
5 99.9915835220665 99.5767262124051 25.4573573275371 95.2958429435374 100 0 = =
85 99.9877578502785 99.4810976900225 25.6637207198261 95.2883515246173 100 0 = =
121 99.9839321784906 99.6182697508171 25.3869267632466 95.2243339447542 100 0 = =
49 99.9908183877089 99.5947545403952 26.4939922544768 95.1040172166428 100 0 = =
28 99.9992348656424 99.9169129231758 15.3169375393069 95.0009534533171 100 0 = =
133 99.983167044133 99.8181490394037 23.9854504797737 94.9632693460218 100 0 = =
57 99.9908183877089 99.5728070106681 25.210280287901 94.9532807874617 100 0 = =
69 99.9892881189937 99.5900514983108 25.7398887086749 94.6747362112489 100 0 = =
9 99.9931137907817 99.7295750801477 24.7704110717583 94.6486297513757 100 0 = =
13 99.9923486564241 99.6480556840183 24.1701881948812 94.6120807075532 100 0 = =
12 99.9992348656424 99.9090745197018 17.7078988889257 94.5675862194214 100 0 = =
113 99.9846973128481 99.3846853272925 24.0903055914145 94.4972122841109 100 0 = =
64 99.996174328212 99.9905939158312 14.3739035450664 94.4456804024481 100 0 = =
72 99.9954091938544 99.0570400620801 55.4551506257838 94.3739443909704 100 0 = =
56 99.9977045969272 99.1017189618818 38.2803908804372 94.278826071954 100 0 = =
125 99.9785762379874 99.7554418116118 24.4669160239648 94.2670214118374 100 0 = =
141 99.979341372345 99.5555625230253 27.1556717751812 94.1360350870821 100 0 = =
105 99.9862275815633 99.769550937865 24.5786119110405 93.9916550133483 100 0 = =
65 99.9892881189937 99.6182697508171 25.0222325201637 93.871792310626 100 0 = =
17 99.9908183877089 99.7554418116118 23.7654423149773 93.8679330948187 100 0 = =
80 99.9954091938544 99.8142298376667 19.4341648921107 93.867252056735 100 0 = =
104 99.9938789251393 99.9757009492307 14.9302130570543 93.8120879719594 100 0 = =
8 100 99.9028037969227 16.2300707247912 93.7996022737591 100 0 = =
101 99.9862275815633 99.4654208830745 24.0587865347059 93.5047127835389 100 0 = =
97 99.9869927159209 99.6410011208917 24.2927336989103 93.4366089751739 100 0 = =
89 99.9877578502785 99.7397650046639 23.7419409413054 93.3403555926847 100 0 = =
76 99.9954091938544 99.6958699452096 16.7598630373779 93.280197228629 100 0 = =
73 99.9892881189937 99.5477241195513 23.0348033644846 93.1871220238636 100 0 = =
37 99.9908183877089 99.5681039685837 27.4830727586346 93.1680529575214 100 0 = =
77 99.9885229846361 99.6010252631744 24.0013019540344 93.1106187458003 100 0 = =
149 99.9801065067026 99.6065121456062 25.3200637001239 93.0404718231843 100 0 = =
84 99.9946440594968 99.8839916285851 14.3957498924233 93.0379746835443 100 0 = =
45 99.9908183877089 99.6229727929015 25.3543779123866 92.9630604943429 100 0 = =
24 100 99.9286705283868 15.7260600443547 92.7024499209996 100 0 = =
41 99.9915835220665 99.6786254575668 25.0163112037926 92.6481938870022 100 0 = =
81 99.9877578502785 99.5806454141421 26.5160960503716 92.6431996077221 100 0 = =
61 99.9900532533513 99.6112151876906 24.784607519704 92.4543250458566 100 0 = =
4 99.9992348656424 99.8949653934487 15.9992129430414 92.347175054029 100 0 = =
93 99.9862275815633 99.7781731816864 24.1681286065782 92.0030238090914 100 0 = =
109 99.9839321784906 99.5579140440675 25.3489714930912 91.9292446833627 100 0 = =
29 99.9908183877089 99.6331627174177 23.6976230144282 91.379873962552 100 0 = =
53 99.9908183877089 99.5994575824796 25.1653003504978 91.3710204674645 100 0 = =
33 99.9923486564241 99.5759423720577 26.6644599649134 91.1928155022429 100 0 = =
20 99.9992348656424 99.8981007548383 15.5970047701536 89.9905562719067 100 0 = =
50 99.9288425047438 82.5807159597733 19.6753941721007 82.0603218131958 100 0 = =
3 99.9479708636837 81.2591611340602 83.5402116226981 82.0589597370285 100 0 = =
127 99.9502662667564 82.3118587206158 25.7884729256084 82.0353504167953 100 0 = =
130 99.9334333108894 81.9011263785792 18.2102913214098 81.8507890961263 100 0 = =
146 99.9334333108894 82.5148733705919 21.0698457883258 81.5906325481721 100 0 = =
11 99.9487359980413 82.2585575769927 27.5264712264481 81.4982383814903 100 0 = =
155 99.9487359980413 82.3416446538169 27.1656754897958 81.4512467537185 100 0 = =
131 99.9487359980413 82.3048041574892 25.7107970238949 81.3134500481267 100 0 = =
114 99.9334333108894 82.5172248916341 18.8853581660837 81.1316128797922 100 0 = =
139 99.9487359980413 82.2475838121292 27.5462212071394 81.0927937090242 100 0 = =
98 99.934198445247 82.5948250860265 18.293925317857 81.0723625665147 100 0 = =
42 99.9334333108894 82.5783644387311 18.5756475750187 80.9847356664185 100 0 = =
119 99.9487359980413 82.3275355275638 27.5264344480855 80.7266222327153 100 0 = =
2 99.9334333108894 81.9763750519294 41.0288379140784 80.6993807093693 100 0 = =
10 99.930372773459 82.5101703285075 21.6196455301417 80.6982456458965 100 0 = =
79 99.9495011323989 82.3330224099955 26.1237812570109 80.6401303960918 100 0 = =
135 99.9487359980413 82.3157779223528 27.3368787674835 80.6262826217242 100 0 = =
26 99.9326681765318 82.4843035970434 18.3919028757002 80.5999491491564 100 0 = =
123 99.9495011323989 82.3212648047846 26.3013104130578 80.475092167154 100 0 = =
134 99.934198445247 82.5666068335202 18.4683283130868 80.4728220402085 100 0 = =
34 99.9326681765318 82.5470108248352 20.3569340085841 80.4576121896737 100 0 = =
142 99.9349635796046 82.5595522703936 18.2303723073641 80.4567041388954 100 0 = =
154 99.9349635796046 82.5822836404681 17.8062074520318 80.3588616675445 100 0 = =
94 99.934198445247 82.5587684300462 17.4835140989853 80.3286689791693 100 0 = =
115 99.9487359980413 82.3628083431966 26.1339688634383 80.3116430270781 100 0 = =
103 99.9495011323989 82.1472522476622 28.6098146738311 80.2896227957067 100 0 = =
147 99.9479708636837 82.3032364767944 27.1735460593823 80.1949585020794 100 0 = =
71 99.951031401114 82.4035680412614 26.4696082001037 80.1027913480922 100 0 = =
126 99.934198445247 82.617556456101 17.3134141721742 80.1007482338412 100 0 = =
22 99.934198445247 82.540740102056 20.1941529759212 80.0828142309718 100 0 = =
15 99.9487359980413 82.2969657540152 27.3562609645493 80.0771389136081 100 0 = =
38 99.9326681765318 82.2569898962979 18.50639391833 80.0592049107386 100 0 = =
62 99.934198445247 82.5830674808155 20.6350519862155 80.0573888091822 100 0 = =
23 99.9495011323989 82.0343792376369 26.4301817954461 80.0419519459528 100 0 = =
91 99.9495011323989 82.286775829499 26.7768914192402 79.9184570401177 100 0 = =
59 99.9502662667564 81.9771588922768 28.6455632422333 79.8626119172584 100 0 = =
158 99.934198445247 82.5297663371924 21.8256043604427 79.8222036576285 100 0 = =
102 99.934198445247 82.5101703285075 18.0474735103844 79.8042696547591 100 0 = =
63 99.9487359980413 82.2130948368436 27.6903556099875 79.8008644643408 100 0 = =
14 99.9326681765318 82.4827359163486 18.6415911790775 79.7881517534461 100 0 = =
66 99.9334333108894 82.5830674808155 18.2681436857068 79.7350307829214 100 0 = =
54 99.934198445247 82.6018796491531 18.3136752985484 79.6439986924069 100 0 = =
78 99.934198445247 82.6010958088057 18.7631068889551 79.6249296260647 100 0 = =
150 99.9319030421742 82.4913581601699 18.6075344153528 79.5745328078746 100 0 = =
18 99.9334333108894 82.5297663371924 17.9564470630639 79.5497884241687 100 0 = =
30 99.9334333108894 82.5909058842895 19.2274704945586 79.5434320687213 100 0 = =
82 99.9349635796046 82.4780328742642 19.6376963504831 79.5377567513575 100 0 = =
27 99.9479708636837 82.2381777279604 27.6560046193623 79.409948604326 100 0 = =
87 99.9502662667564 82.29853343471 25.8096940408019 79.3718104716416 100 0 = =
75 99.9487359980413 81.9779427326242 28.5610465650848 79.1752174781614 100 0 = =
110 99.934198445247 82.5391724213612 17.9620741525346 79.1706772242704 100 0 = =
6 99.934198445247 82.5344693792768 17.3472870440862 79.0739698163921 100 0 = =
67 99.9487359980413 82.1707674580841 28.3778903195672 79.0310644171222 100 0 = =
55 99.9517965354716 82.306371838184 26.353793136422 79.0183517062274 100 0 = =
74 99.9334333108894 82.4944935215595 18.873552311704 78.9947423859942 100 0 = =
43 99.9502662667564 82.3267516872163 27.4642054586446 78.993834335216 100 0 = =
86 99.9288425047438 82.4286509323781 18.598450159802 78.9824837004885 100 0 = =
107 99.9479708636837 82.3040203171418 27.1139283336827 78.9447995931933 100 0 = =
47 99.951031401114 82.4043518816087 24.7410619384404 78.7436663458221 100 0 = =
39 99.9487359980413 82.225636282402 25.5214620134682 78.738672066542 100 0 = =
35 99.9495011323989 82.3071556785314 26.8244826203848 78.5650073552113 100 0 = =
99 99.951031401114 82.3001011154048 26.454087731106 78.5411710222836 100 0 = =
51 99.951031401114 82.4012165202192 27.0362524319692 78.4950874452899 100 0 = =
111 99.9495011323989 82.2436646103922 29.1684780010224 78.3234658482102 100 0 = =
31 99.9479708636837 82.3095071995736 27.8134895678175 78.2431033543396 100 0 = =
151 99.9487359980413 82.3588891414597 24.8185171699786 78.1958847138732 100 0 = =
118 99.934198445247 82.5611199510884 18.953986590609 78.178858761782 100 0 = =
7 99.9495011323989 82.3118587206158 27.2131931342153 78.1445798449049 100 0 = =
19 99.9502662667564 82.310291039921 26.0938804482547 78.1250567531737 100 0 = =
83 99.9495011323989 82.0963026250813 29.3170625857396 78.1078037883879 100 0 = =
70 99.9334333108894 82.564255312478 19.4338706652102 78.0732978588163 100 0 = =
46 99.9334333108894 82.4709783111376 22.0791911702507 78.0580880082814 100 0 = =
159 99.9479708636837 82.310291039921 27.7421395444632 78.0369758276883 100 0 = =
143 99.9502662667564 82.2875596698464 27.5127896755781 77.9575213845958 100 0 = =
95 99.9487359980413 82.2569898962979 26.6861591988201 77.9207453280787 100 0 = =
90 99.9334333108894 82.4741136725272 18.0271718542547 77.678522782994 100 0 = =
138 99.9334333108894 82.5736613966467 18.0717472296698 77.6576376150954 100 0 = =
58 99.9334333108894 82.4827359163486 22.8360898716067 77.6426547772551 100 0 = =
122 99.9311379078166 82.310291039921 22.6955229699263 77.0658155204039 100 0 = =
106 99.934198445247 82.5956089263739 18.0411844103877 76.5766031636489 100 0 = =
0 100 97.7676226906104 100 48.0438316110637 100 0 = =


