#proc areadef
  rectangle: 1 1 6 4
  xrange: -1 161
  yrange:  0 130.29599
  xaxis.stubs: inc
  yaxis.stubs: inc
  xaxis.stubrange: 0 160
  xaxis.stubvert: yes
  xaxis.label: sorted index
  xaxis.labeldistance: 0.5
  yaxis.label: time in seconds
                                                                                
#proc getdata
data:
0 124 1.30685e+02 1.27449e+02 4.15295e-01 4.40504e+01 86.6346
1 120 1.30686e+02 1.27302e+02 4.44280e-01 4.37669e+01 86.9191
2 136 1.30686e+02 1.27473e+02 4.31124e-01 4.34855e+01 87.2005
3 140 1.30685e+02 1.27577e+02 3.90668e-01 4.34495e+01 87.2355
4 128 1.30686e+02 1.27288e+02 4.11125e-01 4.33893e+01 87.2967
5 132 1.30683e+02 1.27490e+02 4.11383e-01 4.33673e+01 87.3157
6 148 1.30683e+02 1.27511e+02 3.84272e-01 4.32503e+01 87.4327
7 152 1.30684e+02 1.27509e+02 4.13320e-01 4.31794e+01 87.5046
8 52 1.30693e+02 1.27520e+02 4.01728e-01 4.31773e+01 87.5157
9 157 1.30669e+02 1.27303e+02 6.63991e-01 4.31642e+01 87.5048
10 156 1.30683e+02 1.27471e+02 3.72243e-01 4.30051e+01 87.6779
11 88 1.30689e+02 1.27382e+02 3.98431e-01 4.29680e+01 87.721
12 92 1.30689e+02 1.27486e+02 3.99877e-01 4.27957e+01 87.8933
13 153 1.30672e+02 1.27342e+02 6.61336e-01 4.27256e+01 87.9464
14 16 1.30695e+02 1.26834e+02 1.08539e+00 4.26863e+01 88.0087
15 32 1.30695e+02 1.27527e+02 3.98696e-01 4.25976e+01 88.0974
16 108 1.30687e+02 1.27569e+02 4.08711e-01 4.25696e+01 88.1174
17 40 1.30695e+02 1.27468e+02 5.14907e-01 4.24462e+01 88.2488
18 48 1.30694e+02 1.27408e+02 4.91294e-01 4.24439e+01 88.2501
19 60 1.30693e+02 1.27425e+02 4.31894e-01 4.23020e+01 88.391
20 25 1.30686e+02 1.27077e+02 6.40729e-01 4.22815e+01 88.4045
21 116 1.30686e+02 1.27523e+02 3.91029e-01 4.22764e+01 88.4096
22 112 1.30683e+02 1.27307e+02 4.20162e-01 4.22660e+01 88.417
23 36 1.30695e+02 1.26835e+02 4.80390e-01 4.22504e+01 88.4446
24 145 1.30670e+02 1.27302e+02 6.71299e-01 4.22299e+01 88.4401
25 68 1.30691e+02 1.27361e+02 3.82869e-01 4.22034e+01 88.4876
26 21 1.30686e+02 1.27077e+02 7.17054e-01 4.21783e+01 88.5077
27 129 1.30669e+02 1.27112e+02 6.68068e-01 4.21535e+01 88.5155
28 144 1.30682e+02 1.27535e+02 4.49952e-01 4.21459e+01 88.5361
29 117 1.30676e+02 1.27303e+02 6.39211e-01 4.21370e+01 88.539
30 1 1.30686e+02 1.27123e+02 6.43211e-01 4.20898e+01 88.5962
31 137 1.30670e+02 1.26960e+02 6.48146e-01 4.20577e+01 88.6123
32 100 1.30685e+02 1.27422e+02 4.02941e-01 4.20564e+01 88.6286
33 96 1.30684e+02 1.27360e+02 3.99751e-01 4.20338e+01 88.6502
34 44 1.30694e+02 1.27556e+02 4.18592e-01 4.20044e+01 88.6896
35 5 1.30685e+02 1.27037e+02 6.92183e-01 4.19782e+01 88.7068
36 85 1.30680e+02 1.26915e+02 6.97794e-01 4.19749e+01 88.7051
37 121 1.30675e+02 1.27090e+02 6.90268e-01 4.19467e+01 88.7283
38 49 1.30684e+02 1.27060e+02 7.20369e-01 4.18937e+01 88.7903
39 28 1.30695e+02 1.27471e+02 4.16466e-01 4.18483e+01 88.8467
40 133 1.30674e+02 1.27345e+02 6.52162e-01 4.18317e+01 88.8423
41 57 1.30684e+02 1.27032e+02 6.85465e-01 4.18273e+01 88.8567
42 69 1.30682e+02 1.27054e+02 6.99865e-01 4.17046e+01 88.9774
43 9 1.30687e+02 1.27232e+02 6.73505e-01 4.16931e+01 88.9939
44 13 1.30686e+02 1.27128e+02 6.57185e-01 4.16770e+01 89.009
45 12 1.30695e+02 1.27461e+02 4.81476e-01 4.16574e+01 89.0376
46 113 1.30676e+02 1.26792e+02 6.55013e-01 4.16264e+01 89.0496
47 64 1.30691e+02 1.27565e+02 3.90825e-01 4.16037e+01 89.0873
48 72 1.30690e+02 1.26374e+02 1.50782e+00 4.15721e+01 89.1179
49 56 1.30693e+02 1.26431e+02 1.04084e+00 4.15302e+01 89.1628
50 125 1.30668e+02 1.27265e+02 6.65253e-01 4.15250e+01 89.143
51 141 1.30669e+02 1.27010e+02 7.38360e-01 4.14673e+01 89.2017
52 105 1.30678e+02 1.27283e+02 6.68290e-01 4.14037e+01 89.2743
53 65 1.30682e+02 1.27090e+02 6.80352e-01 4.13509e+01 89.3311
54 17 1.30684e+02 1.27265e+02 6.46180e-01 4.13492e+01 89.3348
55 80 1.30690e+02 1.27340e+02 5.28413e-01 4.13489e+01 89.3411
56 104 1.30688e+02 1.27546e+02 4.05951e-01 4.13246e+01 89.3634
57 8 1.30696e+02 1.27453e+02 4.41294e-01 4.13191e+01 89.3769
58 101 1.30678e+02 1.26895e+02 6.54156e-01 4.11892e+01 89.4888
59 97 1.30679e+02 1.27119e+02 6.60517e-01 4.11592e+01 89.5198
60 89 1.30680e+02 1.27245e+02 6.45541e-01 4.11168e+01 89.5632
61 76 1.30690e+02 1.27189e+02 4.55699e-01 4.10903e+01 89.5997
62 73 1.30682e+02 1.27000e+02 6.26314e-01 4.10493e+01 89.6327
63 37 1.30684e+02 1.27026e+02 7.47262e-01 4.10409e+01 89.6431
64 77 1.30681e+02 1.27068e+02 6.52593e-01 4.10156e+01 89.6654
65 149 1.30670e+02 1.27075e+02 6.88450e-01 4.09847e+01 89.6853
66 84 1.30689e+02 1.27429e+02 3.91419e-01 4.09836e+01 89.7054
67 45 1.30684e+02 1.27096e+02 6.89383e-01 4.09506e+01 89.7334
68 24 1.30696e+02 1.27486e+02 4.27590e-01 4.08358e+01 89.8602
69 41 1.30685e+02 1.27167e+02 6.80191e-01 4.08119e+01 89.8731
70 81 1.30680e+02 1.27042e+02 7.20970e-01 4.08097e+01 89.8703
71 61 1.30683e+02 1.27081e+02 6.73891e-01 4.07265e+01 89.9565
72 4 1.30695e+02 1.27443e+02 4.35017e-01 4.06793e+01 90.0157
73 93 1.30678e+02 1.27294e+02 6.57129e-01 4.05277e+01 90.1503
74 109 1.30675e+02 1.27013e+02 6.89236e-01 4.04952e+01 90.1798
75 29 1.30684e+02 1.27109e+02 6.44336e-01 4.02532e+01 90.4308
76 53 1.30684e+02 1.27066e+02 6.84242e-01 4.02493e+01 90.4347
77 33 1.30686e+02 1.27036e+02 7.25004e-01 4.01708e+01 90.5152
78 20 1.30695e+02 1.27447e+02 4.24081e-01 3.96412e+01 91.0538
79 50 1.30603e+02 1.05354e+02 5.34972e-01 3.61479e+01 94.4551
80 3 1.30628e+02 1.03668e+02 2.27145e+00 3.61473e+01 94.4807
81 127 1.30631e+02 1.05011e+02 7.01186e-01 3.61369e+01 94.4941
82 130 1.30609e+02 1.04487e+02 4.95136e-01 3.60556e+01 94.5534
83 146 1.30609e+02 1.05270e+02 5.72887e-01 3.59410e+01 94.668
84 11 1.30629e+02 1.04943e+02 7.48442e-01 3.59003e+01 94.7287
85 155 1.30629e+02 1.05049e+02 7.38632e-01 3.58796e+01 94.7494
86 131 1.30629e+02 1.05002e+02 6.99074e-01 3.58189e+01 94.8101
87 114 1.30609e+02 1.05273e+02 5.13491e-01 3.57388e+01 94.8702
88 139 1.30629e+02 1.04929e+02 7.48979e-01 3.57217e+01 94.9073
89 98 1.30610e+02 1.05372e+02 4.97410e-01 3.57127e+01 94.8973
90 42 1.30609e+02 1.05351e+02 5.05070e-01 3.56741e+01 94.9349
91 119 1.30629e+02 1.05031e+02 7.48441e-01 3.55604e+01 95.0686
92 2 1.30609e+02 1.04583e+02 1.11557e+00 3.55484e+01 95.0606
93 10 1.30605e+02 1.05264e+02 5.87836e-01 3.55479e+01 95.0571
94 79 1.30630e+02 1.05038e+02 7.10303e-01 3.55223e+01 95.1077
95 135 1.30629e+02 1.05016e+02 7.43287e-01 3.55162e+01 95.1128
96 26 1.30608e+02 1.05231e+02 5.00074e-01 3.55046e+01 95.1034
97 123 1.30630e+02 1.05023e+02 7.15130e-01 3.54496e+01 95.1804
98 134 1.30610e+02 1.05336e+02 5.02152e-01 3.54486e+01 95.1614
99 34 1.30608e+02 1.05311e+02 5.53503e-01 3.54419e+01 95.1661
100 142 1.30611e+02 1.05327e+02 4.95682e-01 3.54415e+01 95.1695
101 154 1.30611e+02 1.05356e+02 4.84149e-01 3.53984e+01 95.2126
102 94 1.30610e+02 1.05326e+02 4.75375e-01 3.53851e+01 95.2249
103 115 1.30629e+02 1.05076e+02 7.10580e-01 3.53776e+01 95.2514
104 103 1.30630e+02 1.04801e+02 7.77898e-01 3.53679e+01 95.2621
105 147 1.30628e+02 1.05000e+02 7.38846e-01 3.53262e+01 95.3018
106 71 1.30632e+02 1.05128e+02 7.19706e-01 3.52856e+01 95.3464
107 126 1.30610e+02 1.05401e+02 4.70750e-01 3.52847e+01 95.3253
108 22 1.30610e+02 1.05303e+02 5.49077e-01 3.52768e+01 95.3332
109 15 1.30629e+02 1.04992e+02 7.43814e-01 3.52743e+01 95.3547
110 38 1.30608e+02 1.04941e+02 5.03187e-01 3.52664e+01 95.3416
111 62 1.30610e+02 1.05357e+02 5.61065e-01 3.52656e+01 95.3444
112 23 1.30630e+02 1.04657e+02 7.18634e-01 3.52588e+01 95.3712
113 91 1.30630e+02 1.04979e+02 7.28061e-01 3.52044e+01 95.4256
114 59 1.30631e+02 1.04584e+02 7.78870e-01 3.51798e+01 95.4512
115 158 1.30610e+02 1.05289e+02 5.93436e-01 3.51620e+01 95.448
116 102 1.30610e+02 1.05264e+02 4.90709e-01 3.51541e+01 95.4559
117 63 1.30629e+02 1.04885e+02 7.52898e-01 3.51526e+01 95.4764
118 14 1.30608e+02 1.05229e+02 5.06863e-01 3.51470e+01 95.461
119 66 1.30609e+02 1.05357e+02 4.96709e-01 3.51236e+01 95.4854
120 54 1.30610e+02 1.05381e+02 4.97947e-01 3.50835e+01 95.5265
121 78 1.30610e+02 1.05380e+02 5.10167e-01 3.50751e+01 95.5349
122 150 1.30607e+02 1.05240e+02 5.05937e-01 3.50529e+01 95.5541
123 18 1.30609e+02 1.05289e+02 4.88234e-01 3.50420e+01 95.567
124 30 1.30609e+02 1.05367e+02 5.22793e-01 3.50392e+01 95.5698
125 82 1.30611e+02 1.05223e+02 5.33947e-01 3.50367e+01 95.5743
126 27 1.30628e+02 1.04917e+02 7.51964e-01 3.49804e+01 95.6476
127 87 1.30631e+02 1.04994e+02 7.01763e-01 3.49636e+01 95.6674
128 75 1.30629e+02 1.04585e+02 7.76572e-01 3.48770e+01 95.752
129 110 1.30610e+02 1.05301e+02 4.88387e-01 3.48750e+01 95.735
130 6 1.30610e+02 1.05295e+02 4.71671e-01 3.48324e+01 95.7776
131 67 1.30629e+02 1.04831e+02 7.71592e-01 3.48135e+01 95.8155
132 55 1.30633e+02 1.05004e+02 7.16557e-01 3.48079e+01 95.8251
133 74 1.30609e+02 1.05244e+02 5.13170e-01 3.47975e+01 95.8115
134 43 1.30631e+02 1.05030e+02 7.46749e-01 3.47971e+01 95.8339
135 86 1.30603e+02 1.05160e+02 5.05690e-01 3.47921e+01 95.8109
136 107 1.30628e+02 1.05001e+02 7.37225e-01 3.47755e+01 95.8525
137 47 1.30632e+02 1.05129e+02 6.72707e-01 3.46869e+01 95.9451
138 39 1.30629e+02 1.04901e+02 6.93926e-01 3.46847e+01 95.9443
139 35 1.30630e+02 1.05005e+02 7.29355e-01 3.46082e+01 96.0218
140 99 1.30632e+02 1.04996e+02 7.19284e-01 3.45977e+01 96.0343
141 51 1.30632e+02 1.05125e+02 7.35113e-01 3.45774e+01 96.0546
142 111 1.30630e+02 1.04924e+02 7.93088e-01 3.45018e+01 96.1282
143 31 1.30628e+02 1.05008e+02 7.56246e-01 3.44664e+01 96.1616
144 151 1.30629e+02 1.05071e+02 6.74813e-01 3.44456e+01 96.1834
145 118 1.30610e+02 1.05329e+02 5.15357e-01 3.44381e+01 96.1719
146 7 1.30630e+02 1.05011e+02 7.39924e-01 3.44230e+01 96.207
147 19 1.30631e+02 1.05009e+02 7.09490e-01 3.44144e+01 96.2166
148 83 1.30630e+02 1.04736e+02 7.97128e-01 3.44068e+01 96.2232
149 70 1.30609e+02 1.05333e+02 5.28405e-01 3.43916e+01 96.2174
150 46 1.30609e+02 1.05214e+02 6.00331e-01 3.43849e+01 96.2241
151 159 1.30628e+02 1.05009e+02 7.54306e-01 3.43756e+01 96.2524
152 143 1.30631e+02 1.04980e+02 7.48070e-01 3.43406e+01 96.2904
153 95 1.30629e+02 1.04941e+02 7.25594e-01 3.43244e+01 96.3046
154 90 1.30609e+02 1.05218e+02 4.90157e-01 3.42177e+01 96.3913
155 138 1.30609e+02 1.05345e+02 4.91369e-01 3.42085e+01 96.4005
156 58 1.30609e+02 1.05229e+02 6.20911e-01 3.42019e+01 96.4071
157 122 1.30606e+02 1.05009e+02 6.17089e-01 3.39478e+01 96.6582
158 106 1.30610e+02 1.05373e+02 4.90538e-01 3.37323e+01 96.8777
159 0 1.30696e+02 1.24729e+02 2.71899e+00 2.11635e+01 109.5325
                                                                                
 #proc bars
  lenfield: 4
  locfield: 1
  color: blue
  legendlabel: user 
  barwidth: 
  outline: no
  #saveas A

 #proc bars
  #clone: A
  lenfield: 5
  color: yellow
  legendlabel: system
  stackfields: *
                                                                                
#proc lineplot
 xfield: 1
 yfield: 3
 legendlabel: wall
 linedetails: color=red
 sort: yes

#proc lineplot
 xfield: 1
 yfield: 6
 legendlabel: mpi
 linedetails: color=green
 sort: yes

#proc legend
  location: max+0.4 max
  seglen: 0.3

